0 0.7390625 0.13203125 0.18828125 0.1125
0 0.75546875 0.26796875 0.18203125 0.10546875
0 0.74375 0.5078125 0.17890625 0.15546875
0 0.20859375 0.059375 0.24453125 0.11875
0 0.41015625 0.484375 0.06640625 0.12265625
0 0.6296875 0.903125 0.1484375 0.171875
0 0.0796875 0.909375 0.15859375 0.12578125
0 0.23515625 0.47109375 0.13203125 0.2015625
0 0.21484375 0.23125 0.165625 0.2046875
0 0.06953125 0.53046875 0.12578125 0.175
1 0.0796875 0.715625 0.15859375 0.16875
0 0.94609375 0.44609375 0.10703125 0.10546875
1 0.32421875 0.7953125 0.278125 0.26796875