1 0.4984375 0.47421875 0.25625 0.1875
1 0.34921875 0.30234375 0.2015625 0.121875
1 0.62109375 0.10859375 0.2796875 0.13984375
1 0.87265625 0.29453125 0.2546875 0.21171875
1 0.56328125 0.70703125 0.1109375 0.109375
1 0.05234375 0.45546875 0.10078125 0.18125
1 0.10546875 0.22578125 0.2015625 0.190625
1 0.0203125 0.3078125 0.028125 0.06171875
1 0.0953125 0.0453125 0.1203125 0.08828125
1 0.215625 0.04296875 0.06796875 0.04609375
1 0.31015625 0.04375 0.04140625 0.05078125
1 0.18125 0.09453125 0.04765625 0.03203125