1 0.3234375 0.16875 0.18984375 0.1296875
1 0.66171875 0.13515625 0.26015625 0.1953125
1 0.5 0.66171875 0.1296875 0.15390625
1 0.4015625 0.8296875 0.11328125 0.07265625
1 0.05390625 0.8625 0.08203125 0.0578125
1 0.153125 0.97890625 0.053125 0.0421875
1 0.653125 0.9640625 0.14296875 0.06640625
1 0.46640625 0.9125 0.09296875 0.07265625
1 0.75234375 0.80078125 0.16171875 0.07109375
1 0.85 0.7921875 0.04296875 0.05390625
1 0.9328125 0.74453125 0.134375 0.0828125
1 0.78515625 0.64453125 0.0796875 0.0765625
1 0.7015625 0.715625 0.14296875 0.06875
1 0.7765625 0.5640625 0.09296875 0.0890625
1 0.84140625 0.4734375 0.03359375 0.0296875
1 0.7921875 0.390625 0.06484375 0.0609375
1 0.80546875 0.31015625 0.06171875 0.0453125
1 0.803125 0.23984375 0.06640625 0.0546875
1 0.92265625 0.303125 0.06171875 0.0640625
1 0.9265625 0.25234375 0.0296875 0.0203125
0 0.34296875 0.390625 0.48984375 0.5234375