1 0.09609375 0.66640625 0.18828125 0.2046875
1 0.44453125 0.81796875 0.11171875 0.09609375
1 0.8515625 0.7859375 0.0765625 0.0296875
1 0.928125 0.42734375 0.053125 0.03984375
1 0.19765625 0.22265625 0.3953125 0.4
1 0.6921875 0.2015625 0.06484375 0.06875
1 0.828125 0.1046875 0.03359375 0.03984375
1 0.9484375 0.10546875 0.103125 0.1109375
1 0.53515625 0.9625 0.18359375 0.075
1 0.31015625 0.821875 0.05703125 0.05390625
1 0.54921875 0.6046875 0.071875 0.0390625
1 0.96640625 0.83984375 0.04296875 0.025
1 0.89296875 0.91640625 0.0734375 0.0296875
1 0.8421875 0.9796875 0.0515625 0.02109375
1 0.20234375 0.08828125 0.075 0.07890625
1 0.09296875 0.04453125 0.06328125 0.0390625
0 0.68359375 0.34296875 0.6328125 0.6859375