0 0.5 0.3328125 1 0.4515625
1 0.6734375 0.196875 0.29296875 0.1640625
1 0.05234375 0.17109375 0.1046875 0.1125
1 0.24921875 0.0484375 0.33515625 0.0875
1 0.85703125 0.0296875 0.146875 0.05625
1 0.67734375 0.015625 0.06171875 0.03125
1 0.5125 0.6140625 0.31484375 0.2046875
1 0.74921875 0.7875 0.18203125 0.08984375
1 0.7125 0.9234375 0.1015625 0.0984375
1 0.57578125 0.9046875 0.06171875 0.0421875
1 0.2125 0.6546875 0.21484375 0.15625
1 0.053125 0.76640625 0.096875 0.25234375
1 0.18203125 0.7671875 0.2 0.19609375
1 0.83359375 0.70625 0.04296875 0.02265625
1 0.86640625 0.74296875 0.03984375 0.02109375
1 0.94453125 0.9234375 0.10859375 0.0921875
1 0.959375 0.775 0.06796875 0.0578125
1 0.9625 0.6890625 0.075 0.02890625
1 0.90234375 0.59375 0.06796875 0.06015625
1 0.93828125 0.48671875 0.1234375 0.0984375
1 0.70703125 0.47890625 0.08984375 0.07734375
1 0.5390625 0.31796875 0.0453125 0.04140625
1 0.3046875 0.175 0.0703125 0.0453125
1 0.23359375 0.1328125 0.05 0.0265625
1 0.1984375 0.2078125 0.0296875 0.02890625