1 0.58671875 0.70234375 0.21015625 0.13984375
1 0.93125 0.83828125 0.1375 0.1609375
1 0.4234375 0.5890625 0.2234375 0.10390625
1 0.3609375 0.6984375 0.125 0.09140625
1 0.23515625 0.5609375 0.09296875 0.06875
1 0.246875 0.2375 0.2296875 0.11015625
1 0.8890625 0.34453125 0.221875 0.09140625
1 0.8640625 0.18359375 0.1046875 0.11015625
1 0.9484375 0.171875 0.06328125 0.09140625
1 0.93671875 0.0265625 0.1265625 0.053125
1 0.0390625 0.0921875 0.075 0.07890625
1 0.22578125 0.11953125 0.13203125 0.0734375
0 0.3765625 0.325 0.753125 0.65