0 0.48984375 0.35859375 0.9796875 0.7171875
1 0.84765625 0.82421875 0.16796875 0.09140625
1 0.4953125 0.7859375 0.1203125 0.08359375
1 0.25 0.6703125 0.09296875 0.03359375
1 0.40078125 0.678125 0.071875 0.01640625
1 0.07578125 0.69765625 0.08828125 0.06015625
1 0.3640625 0.8828125 0.06484375 0.0359375
1 0.7484375 0.984375 0.053125 0.03125
1 0.96015625 0.8515625 0.0796875 0.1328125
1 0.815625 0.509375 0.071875 0.06875
1 0.64140625 0.48984375 0.08984375 0.0453125
1 0.128125 0.22890625 0.25625 0.1328125
1 0.821875 0.06953125 0.18671875 0.1390625
1 0.90546875 0.2578125 0.0984375 0.08984375
1 0.94765625 0.32890625 0.1046875 0.0671875