0 0.5796875 0.44140625 0.8203125 0.8671875
1 0.71328125 0.65625 0.36015625 0.1625
1 0.6828125 0.11015625 0.33828125 0.2203125
1 0.87734375 0.28359375 0.10859375 0.1203125
1 0.57109375 0.40546875 0.10859375 0.05859375
1 0.70859375 0.40859375 0.06640625 0.03984375
1 0.33203125 0.46171875 0.0703125 0.06640625
1 0.284375 0.3140625 0.10859375 0.0765625
1 0.371875 0.17734375 0.06015625 0.0671875
1 0.37578125 0.115625 0.071875 0.09375
1 0.3765625 0.03671875 0.046875 0.04140625
1 0.50859375 0.825 0.1265625 0.06484375
1 0.68359375 0.7578125 0.06015625 0.0453125
1 0.7390625 0.9328125 0.121875 0.08125
1 0.92890625 0.88203125 0.0515625 0.0390625